-0.001375
-0.001375
-0.00140625
-0.00115625
-0.0011875
-0.00128125
-0.00075
-0.0009375
-0.0006875
-0.001
-0.0005
-0.000625
-0.00034375
-0.00040625
-0.00034375
-0.000375
0
-0.0001875
0
9.375e-05
0.00021875
0.00034375
0.00040625
0.00040625
0.00046875
0.0009375
0.00059375
0.00084375
0.00078125
0.001
0.00125
0.00128125
0.00125
0.00140625
0.00159375
0.00178125
0.001625
0.00178125
0.00165625
0.0018125
0.00184375
0.00234375
0.00221875
0.0025
0.00259375
0.002625
0.00278125
0.003125
0.0030625
0.00334375
0.003625
0.00353125
0.00375
0.0038125
0.00415625
0.00421875
0.0043125
0.00471875
0.00490625
0.00515625
0.00521875
0.00540625
0.00559375
0.00571875
0.00609375
0.00634375
0.0065625
0.0065625
0.00703125
0.007125
0.00759375
0.0076875
0.008125
0.00828125
0.0083125
0.00875
0.0089375
0.0090625
0.00940625
0.009875
0.00959375
0.0100938
0.010125
0.0102812
0.010375
0.0106562
0.0106875
0.0109063
0.011125
0.0114688
0.0112187
0.0116562
0.0115312
0.0116875
0.0117813
0.0119687
0.011875
0.0119375
0.0121562
0.0122813
0.0122813
0.0124063
0.012375
0.012375
0.0123125
0.0123125
0.012125
0.0123438
0.0122813
0.0119687
0.0117813
0.0119063
0.0116562
0.01175
0.0116562
0.0113125
0.0112813
0.011
0.011
0.0105625
0.0106562
0.0103125
0.00996875
0.00996875
0.009625
0.0091875
0.0090625
0.008875
0.00853125
0.0081875
0.00784375
0.007625
0.0074375
0.0071875
0.00659375
0.0064375
0.00590625
0.00565625
0.00534375
0.00515625
0.004625
0.0044375
0.0040625
0.0036875
0.00328125
0.00290625
0.0028125
0.00253125
0.00209375
0.002
0.00146875
0.00128125
0.00084375
0.000625
0.00025
-0.000125
-0.00025
-0.000375
-0.00071875
-0.001125
-0.00128125
-0.00159375
-0.001875
-0.00184375
-0.0020625
-0.00234375
-0.00253125
-0.002625
-0.00259375
-0.00303125
-0.00309375
-0.00328125
-0.00340625
-0.00346875
-0.00371875
-0.003625
-0.00365625
-0.00375
-0.00396875
-0.00415625
-0.00415625
-0.00409375
-0.0043125
-0.00453125
-0.00440625
-0.00440625
-0.00465625
-0.0046875
-0.00484375
-0.00478125
-0.0049375
-0.00484375
-0.0049375
-0.0049375
-0.005125
-0.005
-0.00509375
-0.00528125
-0.0051875
-0.00534375
-0.0053125
-0.00528125
-0.0051875
-0.00525
-0.0050625
-0.00515625
-0.0049375
-0.00525
-0.00503125
-0.0050625
-0.00478125
-0.005125
-0.00496875
-0.00503125
-0.0049375
-0.0048125
-0.0049375
-0.00496875
-0.0048125
-0.004875
-0.00471875
-0.004875
-0.0049375
-0.004875
-0.00496875
-0.00484375
-0.004875
-0.00478125
-0.00465625
-0.00471875
-0.00478125
-0.00478125
-0.0045
-0.00446875
-0.0045625
-0.0044375
-0.00471875
-0.00440625
-0.00453125
-0.004375
-0.00446875
-0.0040625
-0.00396875
-0.0039375
-0.00384375
-0.00371875
-0.0039375
-0.00359375
-0.0035
-0.00346875
-0.0034375
-0.00334375
-0.0031875
-0.003375
-0.0031875
-0.00315625
-0.00290625
-0.00334375
-0.00275
-0.00309375
-0.00296875
-0.00275
-0.00278125
-0.00271875
-0.00259375
-0.00259375
-0.0024375
-0.00240625
-0.00215625
-0.002125
-0.0019375
-0.00190625
-0.0018125
-0.0016875
-0.00146875
-0.00153125
-0.00115625
-0.0013125
-0.0010625
-0.00109375
-0.0009375
-0.0008125
-0.000625
-0.00040625
-0.00040625
-6.25e-05
0
0.00021875
0.00040625
0.0005625
0.00065625
0.001
0.00134375
0.00153125
0.00190625
0.0020625
0.0023125
0.00209375
0.00265625
0.00271875
0.00290625
0.00290625
0.003375
0.00340625
0.0035625
0.003625
0.004125
0.00403125
0.004375
0.0045
0.0046875
0.0046875
0.005
0.00525
0.0054375
0.0058125
0.00571875
0.00628125
0.006125
0.00621875
0.00640625
0.00659375
0.0066875
0.0069375
0.007
0.007125
0.0071875
0.00765625
0.00775
0.00828125
0.008125
0.0085
0.00853125
0.00871875
0.0089375
0.00909375
0.0091875
0.0093125
0.00946875
0.00971875
0.0098125
0.010125
0.0101875
0.0103125
0.010375
0.01075
0.0110937
0.0112187
0.0113125
0.0112187
0.0116875
0.011625
0.0118125
0.011625
0.0117813
0.0121562
0.01225
0.0121562
0.0123438
0.0124375
0.0125
0.012375
0.0124687
0.0122813
0.012375
0.0125
0.012125
0.0122813
0.0122188
0.0121875
0.012
0.0122188
0.0118125
0.0117813
0.0117813
0.011625
0.0113438
0.0114688
0.0109688
0.0109063
0.01075
0.0105
0.0104063
0.0101562
0.0098125
0.00971875
0.00928125
0.00925
0.00890625
0.00859375
0.008375
0.00809375
0.0078125
0.00753125
0.00721875
0.0069375
0.0068125
0.00659375
0.0064375
0.00590625
0.006
0.0055
0.00525
0.00453125
0.00453125
0.0043125
0.00403125
0.00359375
0.003375
0.003
0.00284375
0.00265625
0.00234375
0.002
0.00175
0.0014375
0.00134375
0.0011875
0.0006875
0.0005
0.00040625
0.00028125
-9.375e-05
-0.00028125
-0.00040625
-0.00071875
-0.000875
-0.00115625
-0.00115625
-0.001625
-0.00171875
-0.0018125
-0.0019375
-0.00228125
-0.00240625
-0.00259375
-0.00259375
-0.0028125
-0.00271875
-0.00309375
-0.0030625
-0.00325
-0.0031875
-0.0035
-0.00346875
-0.00378125
-0.00371875
-0.003875
-0.00375
-0.0039375
-0.004
-0.00403125
-0.00425
-0.00440625
-0.0043125
-0.00440625
-0.0043125
-0.00440625
-0.0044375
-0.00440625
-0.00434375
-0.00453125
-0.00459375
-0.0048125
-0.004625
-0.00465625
-0.00478125
-0.00484375
-0.004875
-0.00475
-0.00484375
-0.0045625
-0.00503125
-0.0046875
-0.0048125
-0.004625
-0.005
-0.00478125
-0.004875
-0.0048125
-0.004875
-0.00475
-0.005
-0.00496875
-0.00484375
-0.00475
-0.00459375
-0.00453125
-0.00453125
-0.00440625
-0.00428125
-0.00446875
-0.00425
-0.00409375
-0.004125
-0.0041875
-0.0040625
-0.003875
-0.003875
-0.00378125
-0.0036875
-0.0035
-0.00334375
-0.0035625
-0.0033125
-0.0034375
-0.00328125
-0.0033125
-0.003125
-0.0030625
-0.00309375
-0.00303125
-0.0029375
-0.0028125
-0.00271875
-0.00259375
-0.00278125
-0.00259375
-0.00259375
-0.00253125
-0.00246875
-0.002375
-0.00228125
-0.00215625
-0.0024375
-0.00221875
-0.00209375
-0.00215625
-0.002375
-0.00215625
-0.0018125
-0.00159375
-0.0016875
-0.001625
-0.00146875
-0.00140625
-0.00125
-0.00115625
-0.00090625
-0.00078125
-0.0006875
-0.000625
-0.00059375
-0.00053125
-0.00028125
-9.375e-05
9.375e-05
0.000125
0.00025
0.00028125
0.0004375
0.0005
0.00103125
0.0011875
0.0010625
0.00140625
0.0015
0.00171875
0.00184375
0.00209375
0.002125
0.00228125
0.00228125
0.00278125
0.0028125
0.00321875
0.00321875
0.00328125
0.00353125
0.00378125
0.00390625
0.00415625
0.0041875
0.00440625
0.00465625
0.0048125
0.00509375
0.0053125
0.0055
0.00590625
0.0061875
0.00625
0.00659375
0.00665625
0.0070625
0.00709375
0.007375
0.0075
0.00775
0.00784375
0.00821875
0.00796875
0.008375
0.0085625
0.00878125
0.00890625
0.0095
0.00953125
0.0096875
0.009875
0.0101562
0.0103438
0.010375
0.0104375
0.0106875
0.011125
0.011
0.0111875
0.0112813
0.0115
0.0113438
0.0114688
0.0115312
0.0118438
0.0118125
0.0118125
0.0120937
0.0123125
0.012125
0.012375
0.0124687
0.0125625
0.0125625
0.0126563
0.0126875
0.0127813
0.0125
0.0127813
0.0125625
0.0125625
0.0124687
0.0124063
0.0122188
0.0122813
0.0122188
0.0121562
0.0119687
0.0117813
0.0118438
0.0113438
0.0113125
0.0111562
0.0109375
0.0106562
0.0108438
0.0101875
0.01025
0.00984375
0.00946875
0.00940625
0.0090625
0.00875
0.0085625
0.00840625
0.00815625
0.00784375
0.0075625
0.00734375
0.00678125
0.0065625
0.0061875
0.00590625
0.00525
0.0051875
0.00475
0.0045625
0.004125
0.00390625
0.00371875
0.003375
0.0029375
0.002875
0.0025
0.00234375
0.00178125
0.00171875
0.00140625
0.001
0.000875
0.0005625
0.00034375
0.00021875
3.125e-05
0
-0.00040625
-0.000625
-0.0008125
-0.00096875
-0.0010625
-0.00146875
-0.00146875
-0.00171875
-0.001875
-0.002
-0.00225
-0.00215625
-0.00225
-0.00240625
-0.00253125
-0.0028125
-0.0028125
-0.00275
-0.00271875
-0.00296875
-0.0030625
-0.00315625
-0.0031875
-0.003125
-0.003125
-0.00315625
-0.0035
-0.0035625
-0.0035
-0.003625
-0.003625
-0.00371875
-0.00371875
-0.00375
-0.00403125
-0.0039375
-0.00390625
-0.00415625
-0.0040625
-0.00425
-0.004125
-0.004
-0.004
-0.00415625
-0.00425
-0.00440625
-0.00409375
-0.00409375
-0.0039375
-0.004
-0.00384375
-0.0039375
-0.00396875
-0.00396875
-0.003875
-0.0039375
-0.00378125
-0.00375
-0.0038125
-0.00371875
-0.00378125
-0.0036875
-0.00359375
-0.00371875
-0.00340625
-0.0035
-0.0035
-0.00346875
-0.00328125
-0.00340625
-0.00328125
-0.00334375
-0.0033125
-0.00309375
-0.00315625
-0.0031875
-0.003375
-0.0029375
-0.0030625
-0.00303125
-0.0028125
-0.00284375
-0.0029375
-0.00275
-0.0028125
-0.00259375
-0.00253125
-0.00228125
-0.00246875
-0.002375
-0.002
-0.00215625
-0.00190625
-0.00184375
-0.00184375
-0.00159375
-0.00175
-0.00171875
-0.0013125
-0.00159375
-0.0015625
-0.0014375
-0.00121875
-0.001125
-0.000875
-0.00109375
-0.0006875
-0.000875
-0.0008125
-0.00071875
-0.00053125
-0.0005625
-0.00021875
-0.0003125
-0.00021875
0
0.00021875
6.25e-05
0.0001875
0.00040625
0.00040625
0.00059375
0.000875
0.001125
0.0009375
0.0013125
0.0011875
0.0015
0.0014375
0.0015
0.00165625
0.00184375
0.0016875
0.00190625
0.00209375
0.00203125
0.0021875
0.00240625
0.00246875
0.00253125
0.00275
0.00271875
0.0029375
0.00290625
0.00328125
0.00334375
0.00346875
0.00346875
0.0035625
0.00375
0.003625
0.00375
0.0041875
0.0040625
0.0044375
0.00421875
0.0046875
0.0048125
0.00509375
0.00503125
0.005125
0.005375
0.00553125
0.00571875
0.00575
0.0059375
0.005875
0.00634375
0.006375
0.0065625
0.00671875
0.00696875
0.0068125
0.00709375
0.00734375
0.0076875
0.00759375
0.007875
0.007875
0.0083125
0.00834375
0.0085625
0.0085625
0.0089375
0.00896875
0.00903125
0.00915625
0.009375
0.0095
0.009625
0.0096875
0.00975
0.0099375
0.00984375
0.0099375
0.0100938
0.0101875
0.0101562
0.0102812
0.0102187
0.0103125
0.0102812
0.0105625
0.0101562
0.0104375
0.0105
0.0105625
0.0106562
0.0106562
0.0105937
0.0106562
0.0106562
0.0107812
0.010625
0.0105625
0.0106875
0.0107812
0.0105625
0.0105937
0.0106562
0.0104375
0.0105937
0.0104063
0.0103125
0.0101562
0.010125
0.009875
0.00965625
0.0094375
0.00928125
0.00903125
0.00884375
0.0085625
0.0084375
0.008375
0.00815625
0.00784375
0.0075
0.00740625
0.0071875
0.0070625
0.00678125
0.00659375
0.0065625
0.00640625
0.006
0.0056875
0.00559375
0.0055
0.00490625
0.00525
0.004875
0.004875
0.0045625
0.004375
0.0044375
0.00421875
0.00415625
0.004
0.0035625
0.00346875
0.00334375
0.00328125
0.002875
0.0030625
0.00275
0.00259375
0.00240625
0.0023125
0.00209375
0.00196875
0.00196875
0.0016875
0.0015625
0.00134375
0.00128125
0.00128125
0.00090625
0.00075
0.00071875
0.0006875
0.00046875
0.00025
0.0003125
0.000125
3.125e-05
0
-0.00021875
-9.375e-05
-0.000375
-0.00053125
-0.000625
-0.0004375
-0.0008125
-0.000625
-0.00075
-0.0009375
-0.0009375
-0.00115625
-0.00109375
-0.00125
-0.00134375
-0.00134375
-0.0015625
-0.0013125
-0.0015625
-0.00165625
-0.001875
-0.0016875
-0.00215625
-0.00196875
-0.002
-0.0019375
-0.00203125
-0.002125
-0.00221875
-0.00234375
-0.0020625
-0.00225
-0.00228125
-0.00215625
-0.00215625
-0.00225
-0.0024375
-0.0025
-0.00240625
-0.00259375
-0.00253125
-0.00259375
-0.002625
-0.002625
-0.0023125
-0.00275
-0.00246875
-0.00253125
-0.00234375
-0.002375
-0.00209375
-0.00209375
-0.00225
-0.00215625
-0.0019375
-0.0019375
-0.00196875
-0.0018125
-0.0016875
-0.001625
-0.0016875
-0.00140625
-0.0014375
-0.001625
-0.0014375
-0.00115625
-0.00128125
-0.0014375
-0.0014375
-0.00115625
-0.001125
-0.00121875
-0.00103125
-0.0010625
-0.001
-0.000875
-0.0006875
-0.00078125
-0.00040625
-0.00025
-0.00025
-3.125e-05
-3.125e-05
0
0.00015625
0.00025
0.00040625
0.00028125
0.00046875
0.000375
0.00075
0.0004375
0.00078125
0.0009375
0.0010625
0.00109375
0.0013125
0.0015
0.00171875
0.00171875
0.00196875
0.00159375
0.0019375
0.0020625
0.0019375
0.00225
0.0024375
0.00253125
0.00253125
0.00253125
0.00303125
0.003125
0.00303125
0.00309375
0.003125
0.00334375
0.00353125
0.00353125
0.00353125
0.00375
0.003875
0.00409375
0.004125
0.00434375
0.00428125
0.004375
0.004375
0.00490625
0.00496875
0.00503125
0.0050625
0.0051875
0.0053125
0.0055
0.0055625
0.00578125
0.00575
0.00609375
0.00609375
0.006375
0.00628125
0.0064375
0.00659375
0.00690625
0.007
0.00709375
0.0071875
0.0075
0.007625
0.00775
0.0076875
0.00809375
0.0081875
0.00825
0.00840625
0.0085625
0.00853125
0.00840625
0.0088125
0.00878125
0.00884375
0.0089375
0.00903125
0.00921875
0.00946875
0.0095
0.00971875
0.0098125
0.00996875
0.009875
0.010125
0.0101875
0.0102812
0.0104063
0.010375
0.010625
0.0108125
0.0109375
0.0110937
0.011125
0.0110312
0.0112187
0.0110937
0.0110937
0.0112187
0.0112813
0.0109688
0.0109063
0.0109688
0.0109063
0.0110312
0.0109063
0.0109375
0.0108125
0.0109375
0.01075
0.0104688
0.0105625
0.0105313
0.0105937
0.0105937
0.0104063
0.0104688
0.01
0.010125
0.01
0.0099375
0.009625
0.00978125
0.009625
0.0093125
0.00925
0.00903125
0.008875
0.008875
0.0089375
0.0085
0.0083125
0.0081875
0.008125
0.0079375
0.00759375
0.00715625
0.00725
0.007
0.00684375
0.00659375
0.006375
0.00625
0.00609375
0.0058125
0.0055
0.00546875
0.0051875
0.004875
0.0049375
0.0045
0.0043125
0.00403125
0.00396875
0.00375
0.003625
0.00340625
0.003125
0.0029375
0.0028125
0.0025
0.0023125
0.00203125
0.00190625
0.0019375
0.001625
0.00165625
0.0015625
0.0011875
0.00134375
0.00078125
0.00071875
0.00065625
0.0005
0.00021875
0.00015625
-9.375e-05
3.125e-05
-0.00025
-0.000375
-0.0005625
-0.00034375
-0.000625
-0.00071875
-0.0008125
-0.0009375
-0.00125
-0.00121875
-0.00146875
-0.001375
-0.00146875
-0.0014375
-0.00171875
-0.0018125
-0.00196875
-0.00171875
-0.0016875
-0.00171875
-0.00159375
-0.0015625
-0.001625
-0.00165625
-0.00175
-0.001625
-0.001625
-0.001625
-0.00146875
-0.0016875
-0.00165625
-0.0016875
-0.00175
-0.00175
-0.0014375
-0.00175
-0.00178125
-0.00165625
-0.00175
-0.00190625
-0.00165625
-0.00159375
-0.00159375
-0.00175
-0.0016875
-0.00171875
-0.0014375
-0.00121875
-0.00140625
-0.00121875
-0.001375
-0.001125
-0.0014375
-0.00115625
-0.0014375
-0.001
-0.00128125
-0.001125
-0.00128125
-0.001125
-0.001125
-0.00121875
-0.001125
-0.0009375
-0.00096875
-0.0009375
-0.000875
-0.0009375
-0.00090625
-0.0009375
-0.0008125
-0.00075
-0.00075
-0.00071875
-0.00071875
-0.00071875
-0.00046875
-0.000625
-0.00059375
-0.0004375
-0.00053125
-0.000375
-0.00028125
-0.00040625
-0.0003125
-0.0001875
3.125e-05
9.375e-05
3.125e-05
-6.25e-05
0.0001875
0.00025
0.00046875
0.00046875
0.00034375
0.00075
0.00071875
0.00071875
0.00084375
0.0014375
0.00125
0.00153125
0.00159375
0.00190625
0.00209375
0.0023125
0.00221875
0.0023125
0.00271875
0.0026875
0.00278125
0.003
0.00315625
0.00315625
0.0035
0.0034375
0.00378125
0.00396875
0.00390625
0.004
0.0041875
0.00421875
0.0045
0.00465625
0.00496875
0.004875
0.0049375
0.0050625
0.00534375
0.005375
0.00553125
0.005625
0.0059375
0.0060625
0.00640625
0.00634375
0.0065
0.0066875
0.00665625
0.00675
0.0069375
0.006875
0.0070625
0.007
0.00703125
0.0071875
0.00746875
0.007625
0.00759375
0.007625
0.00775
0.00784375
0.00796875
0.00825
0.0081875
0.00828125
0.008375
0.008375
0.0085
0.008625
0.008875
0.00884375
0.00875
0.0091875
0.00925
0.00925
0.00953125
0.00975
0.009875
0.0095625
0.00996875
0.0100938
0.0101562
0.0102187
0.0104063
0.0104375
0.0105937
0.0106562
0.0109063
0.0108125
0.0111875
0.011
0.0112187
0.0111875
0.01125
0.0112187
0.0114375
0.0114375
0.0115625
0.0115625
0.0117813
0.0117813
0.0115312
0.0114375
0.0114375
0.0115937
0.0113438
0.011375
0.01125
0.0112187
0.0114375
0.0115
0.0112187
0.0111875
0.0109688
0.0111562
0.0110625
0.0109688
0.0108438
0.0107812
0.01075
0.0105
0.0105
0.0103438
0.010125
0.0099375
0.00990625
0.00990625
0.00996875
0.0101875
0.0100625
0.01
0.00996875
0.00975
0.00975
0.00959375
0.00971875
0.0095625
0.009375
0.0091875
0.0091875
0.009
0.0088125
0.00865625
0.00871875
0.0084375
0.008375
0.00796875
0.00809375
0.00775
0.00778125
0.00775
0.0075625
0.0074375
0.0074375
0.0071875
0.0071875
0.00725
0.007
0.0069375
0.00665625
0.00671875
0.0064375
0.0065
0.0061875
0.00625
0.00615625
0.0056875
0.00553125
0.0055
0.005375
0.00521875
0.005125
0.00503125
0.00475
0.00471875
0.0044375
0.004375
0.0044375
0.00428125
0.00403125
0.00384375
0.00365625
0.00359375
0.0035625
0.00359375
0.0034375
0.00303125
0.00328125
0.00309375
0.00296875
0.00271875
0.00265625
0.00259375
0.0025
0.00221875
0.002375
0.0023125
0.00209375
0.00190625
0.0020625
0.0019375
0.0016875
0.00165625
0.00159375
0.00171875
0.00134375
0.00159375
0.00128125
0.001375
0.0013125
0.00125
0.00096875
0.00109375
0.000875
0.000875
0.00075
0.00075
0.000625
0.00046875
0.0004375
0.00046875
0.0004375
0.000375
0.00025
0.00025
0.00034375
0.00015625
-6.25e-05
-9.375e-05
-3.125e-05
9.375e-05
-0.000125
-9.375e-05
-0.0001875
-0.000125
-3.125e-05
-0.0003125
-0.0001875
-0.00021875
-0.00040625
-0.000375
-0.000125
-0.00040625
-0.00034375
-0.0003125
-0.00046875
-0.00059375
-0.00059375
-0.00046875
-0.0005
-0.0005625
-0.0005
-0.0004375
-0.0004375
-0.00034375
-0.000375
-0.000375
-0.00034375
-0.00034375
-0.0004375
-0.000125
-0.0005
-0.00046875
-0.00040625
-0.00034375
-0.00040625
-9.375e-05
-9.375e-05
-0.0001875
-3.125e-05
0.00015625
0.00015625
9.375e-05
0.00046875
0.00028125
0.0005
0.00046875
0.0006875
0.000875
0.001125
0.0010625
0.00115625
0.00128125
0.0011875
0.0011875
0.0014375
0.00103125
0.00159375
0.00146875
0.0015625
0.0019375
0.00203125
0.002
0.002
0.0023125
0.00240625
0.00225
0.00234375
0.00278125
0.00253125
0.00296875
0.0029375
0.0030625
0.003125
0.0035
0.00340625
0.00375
0.00353125
0.004
0.00396875
0.004125
0.004375
0.00440625
0.00453125
0.00475
0.00503125
0.005
0.00521875
0.00509375
0.0055
0.0056875
0.00559375
0.0061875
0.0059375
0.0063125
0.00634375
0.00665625
0.00675
0.0068125
0.0070625
0.0075
0.0076875
0.0078125
0.00815625
0.008125
0.00825
0.0085
0.00875
0.00884375
0.00925
0.00928125
0.00959375
0.0095625
0.009875
0.0102187
0.0103125
0.0105313
0.0108438
0.0109688
0.0113125
0.0115
0.011625
0.0118125
0.0119063
0.0121562
0.0123438
0.012375
0.0125937
0.0127188
0.0126875
0.0129062
0.012875
0.0132188
0.0132813
0.0133437
0.0134687
0.01375
0.0135625
0.0137813
0.0140625
0.014
0.0141563
0.0142812
0.0144062
0.0144062
0.014625
0.0145938
0.014625
0.0144062
0.0148125
0.0145
0.0145
0.0146875
0.0144062
0.014375
0.0145
0.014
0.0140938
0.01425
0.0139687
0.01375
0.0135625
0.0136875
0.0134687
0.0130625
0.0130625
0.012875
0.0125625
0.0124063
0.012125
0.0119687
0.011625
0.0116562
0.0111875
0.0110937
0.0108438
0.0104375
0.01
0.0100938
0.0095625
0.0095
0.00915625
0.00909375
0.00846875
0.00846875
0.00803125
0.00775
0.00746875
0.00734375
0.0069375
0.0065625
0.006375
0.00584375
0.00559375
0.00534375
0.0051875
0.00471875
0.00446875
0.0040625
0.00403125
0.00375
0.00353125
0.0033125
0.00328125
0.0028125
0.00265625
0.0024375
0.00240625
0.00209375
0.0018125
0.00165625
0.00159375
0.00128125
0.00128125
0.00084375
0.0009375
0.00078125
0.000875
0.00065625
0.0004375
0.0005625
0.00015625
3.125e-05
-9.375e-05
-3.125e-05
-0.000125
-3.125e-05
-0.000375
-0.00040625
-0.000625
-0.0004375
-0.00053125
-0.0006875
-0.00059375
-0.0006875
-0.00096875
-0.00065625
-0.0010625
-0.00075
-0.00090625
-0.0009375
-0.0009375
-0.00109375
-0.00115625
-0.0009375
-0.001
-0.00075
-0.000875
-0.00071875
-0.00075
-0.000875
-0.00078125
-0.001125
-0.000875
-0.0009375
-0.00075
-0.001125
-0.00096875
-0.00109375
-0.00115625
-0.00109375
-0.00103125
-0.00103125
-0.00096875
-0.00109375
-0.00096875
-0.000875
-0.00096875
-0.0009375
-0.00090625
-0.00078125
-0.0008125
-0.00071875
-0.00075
-0.000625
-0.00090625
-0.0006875
-0.000875
-0.0006875
-0.00078125
-0.00075
-0.0006875
-0.00071875
-0.0006875
-0.000375
-0.00065625
-0.00040625
-0.0008125
-0.0003125
-0.00025
-0.000125
-0.0001875
-0.00025
0
-6.25e-05
0.000375
0.0001875
0.00034375
0.00040625
0.0006875
0.00075
0.00075
0.0009375
0.0010625
0.0011875
0.00128125
0.00125
0.00165625
0.00153125
0.00178125
0.00178125
0.0020625
0.0019375
0.00225
0.00234375
0.00275
0.00271875
0.0028125
0.0029375
0.00303125
0.00340625
0.003375
0.0035625
0.0038125
0.00396875
0.0040625
0.00421875
0.0041875
0.0045
0.004625
0.004875
0.00490625
0.005125
0.00525
0.00553125
0.00546875
0.00571875
0.0060625
0.00621875
0.00634375
0.0065
0.0068125
0.00684375
0.00721875
0.00734375
0.007625
0.00778125
0.008125
0.008125
0.00834375
0.00884375
0.00896875
0.0093125
0.00946875
0.00953125
0.00996875
0.0101562
0.0105313
0.0105625
0.0109688
0.0110312
0.0114375
0.0115625
0.0120937
0.0121562
0.0124375
0.0128125
0.0130312
0.0135625
0.0135625
0.0139687
0.0142812
0.0144687
0.0149062
0.0151563
0.0155625
0.01575
0.0159687
0.0160937
0.0160937
0.0165312
0.0165
0.016875
0.0167188
0.0170625
0.0174375
0.0173125
0.017625
0.0179375
0.0180313
0.0180625
0.0180313
0.0180313
0.0181562
0.0183125
0.0184062
0.0184688
0.0183125
0.0184062
0.0184062
0.0184688
0.0182812
0.0180937
0.0179687
0.0179687
0.0180313
0.0177813
0.0176875
0.0174688
0.0174375
0.0171563
0.0170625
0.0170625
0.0166562
0.0165
0.0163125
0.0160313
0.01575
0.01525
0.0150938
0.014875
0.0145
0.0140625
0.013625
0.0135
0.0132188
0.0126875
0.0121562
0.0120937
0.0114688
0.0113125
0.0105625
0.0102187
0.0098125
0.0091875
0.00878125
0.0085
0.00803125
0.00734375
0.00715625
0.0065
0.00621875
0.00584375
0.005375
0.00525
0.0045625
0.00428125
0.0036875
0.00346875
0.00309375
0.00278125
0.00234375
0.0020625
0.0019375
0.00146875
0.001125
0.00065625
0.0005
6.25e-05
3.125e-05
-0.0003125
-0.0004375
-0.0004375
-0.0006875
-0.00115625
-0.00121875
-0.00146875
-0.0016875
-0.00175
-0.00190625
-0.001875
-0.00225
-0.00225
-0.002375
-0.00240625
-0.0026875
-0.002625
-0.00284375
-0.0028125
-0.00290625
-0.0031875
-0.00315625
-0.0031875
-0.0033125
-0.0029375
-0.00315625
-0.003125
-0.00321875
-0.0031875
-0.0030625
-0.003125
-0.00328125
-0.0034375
-0.00321875
-0.003
-0.0030625
-0.00303125
-0.00303125
-0.00278125
-0.00296875
-0.00296875
-0.00290625
-0.00290625
-0.00290625
-0.00275
-0.00265625
-0.002625
-0.00259375
-0.0025
-0.0023125
-0.0024375
-0.00196875
-0.00209375
-0.0019375
-0.002125
-0.00190625
-0.00184375
-0.0018125
-0.001625
-0.001375
-0.00128125
-0.0013125
-0.00128125
-0.00096875
-0.00109375
-0.001
-0.00059375
-0.00059375
-0.0005625
-0.0004375
-0.00025
-0.00021875
-0.00025
-0.000125
0.00015625
0.00021875
0.000375
0.0003125
0.00065625
0.000625
0.001
0.00103125
0.00103125
0.0015
0.0014375
0.0015625
0.00171875
0.002
0.00190625
0.0020625
0.0024375
0.00253125
0.00271875
0.0028125
0.00303125
0.003375
0.00353125
0.003625
0.00378125
0.00409375
0.00428125
0.00434375
0.00446875
0.004875
0.00503125
0.00534375
0.00565625
0.005625
0.005875
0.00603125
0.00621875
0.0064375
0.007
0.00696875
0.00721875
0.00725
0.00734375
0.00753125
0.0078125
0.00815625
0.00828125
0.00840625
0.00884375
0.00903125
0.00903125
0.0095625
0.0096875
0.009875
0.010125
0.01025
0.0104688
0.01075
0.0111562
0.0113438
0.0118125
0.012
0.012125
0.012375
0.0125625
0.0128125
0.0131563
0.0133437
0.0135
0.0137813
0.014
0.0145
0.0142188
0.0149375
0.0148125
0.015125
0.0154375
0.0156562
0.0159375
0.0164062
0.0165938
0.0166875
0.0169687
0.0171875
0.0170937
0.0173125
0.0172812
0.0174062
0.0177187
0.0173125
0.0175312
0.0176875
0.0177187
0.0174688
0.0175625
0.0176875
0.01775
0.0175625
0.01775
0.0175938
0.0176875
0.0173125
0.0175938
0.017375
0.0175625
0.0172812
0.0172187
0.0171563
0.0168437
0.0166562
0.0166875
0.0161875
0.016125
0.0159375
0.0155938
0.0150625
0.015125
0.0146875
0.0145938
0.0143437
0.0138437
0.01375
0.013375
0.0132813
0.0129062
0.0124687
0.0121562
0.012
0.0114375
0.0113125
0.0108125
0.010375
0.009875
0.009625
0.0091875
0.0089375
0.00871875
0.00815625
0.0078125
0.00765625
0.007125
0.00690625
0.00653125
0.00615625
0.00565625
0.005375
0.00515625
0.00490625
0.0046875
0.00415625
0.004
0.0035
0.0033125
0.00296875
0.0029375
0.00259375
0.0024375
0.0024375
0.00196875
0.00184375
0.0014375
0.00134375
0.001125
0.0009375
0.000625
0.0005625
0.00021875
0.000125
0
-3.125e-05
-0.0001875
-3.125e-05
-0.0005625
-0.0005
-0.00075
-0.00071875
-0.001125
-0.00090625
-0.00115625
-0.00128125
-0.00128125
-0.0011875
-0.001375
-0.00125
-0.001375
-0.00134375
-0.00159375
-0.00153125
-0.001625
-0.00178125
-0.0014375
-0.0016875
-0.0018125
-0.0015625
-0.00171875
-0.00146875
-0.00159375
-0.0014375
-0.00146875
-0.001375
-0.0013125
-0.00140625
-0.0010625
-0.0011875
-0.00103125
-0.00115625
-0.001
-0.001125
-0.0011875
-0.00090625
-0.00096875
-0.00109375
-0.00075
-0.00103125
-0.00075
-0.00071875
-0.00090625
-0.0006875
-0.00075
-0.00075
-0.00075
-0.00065625
-0.00071875
-0.0004375
-0.000625
-0.00040625
-0.0003125
-9.375e-05
-0.000125
-0.000125
-6.25e-05
0.00028125
0.00025
0.000375
0.00046875
0.0006875
0.0006875
0.00078125
0.00078125
0.000875
0.0011875
0.001
0.00125
0.00134375
0.0015
0.0015625
0.0018125
0.00165625
0.00190625
0.00190625
0.00225
0.00209375
0.002375
0.00253125
0.00253125
0.0026875
0.00290625
0.003
0.00296875
0.00309375
0.003375
0.00340625
0.00371875
0.003625
0.00390625
0.00390625
0.0040625
0.0045
0.00453125
0.00490625
0.00465625
0.00496875
0.005
0.00540625
0.00546875
0.00565625
0.006
0.006125
0.00634375
0.00675
0.006875
0.00696875
0.00709375
0.0075
0.00778125
0.00796875
0.00778125
0.0083125
0.00846875
0.008875
0.00903125
0.0091875
0.00953125
0.00965625
0.0099375
0.010375
0.0105625
0.0108438
0.0110937
0.0111875
0.0116562
0.0118125
0.0120937
0.0124687
0.0127813
0.0132188
0.0135
0.0134062
0.014
0.0140625
0.0146875
0.0149375
0.0155938
0.015625
0.0159375
0.0165
0.0166562
0.0170937
0.0174375
0.01775
0.0181562
0.01875
0.019
0.0195937
0.01975
0.0199375
0.0202812
0.0205313
0.02075
0.0205937
0.020625
0.02075
0.02075
0.0208125
0.0209375
0.0209375
0.0209375
0.021
0.0209688
0.0209375
0.0206875
0.0209688
0.0209375
0.0211875
0.021125
0.0207813
0.0209375
0.0206563
0.0205937
0.0205
0.0206563
0.020125
0.0200938
0.0199375
0.0199375
0.0196563
0.0196563
0.0192188
0.0190313
0.0188437
0.018625
0.01825
0.0180937
0.0175938
0.0173125
0.0170937
0.016625
0.0164375
0.0158438
0.0155625
0.0151563
0.0148125
0.0141875
0.0139687
0.0137188
0.013375
0.0129062
0.0124687
0.012375
0.011875
0.0115
0.0113125
0.011
0.0105625
0.0100625
0.00965625
0.00928125
0.0088125
0.00859375
0.0083125
0.00784375
0.00765625
0.007375
0.007
0.00696875
0.00646875
0.00625
0.00575
0.00553125
0.0053125
0.0050625
0.004875
0.00475
0.0041875
0.003875
0.00365625
0.00359375
0.003
0.00303125
0.00275
0.0024375
0.00221875
0.00175
0.00171875
0.001375
0.00128125
0.00096875
0.00078125
0.0005625
0.000625
0.00040625
6.25e-05
6.25e-05
-6.25e-05
-0.00025
-0.00040625
-0.00071875
-0.000875
-0.0009375
-0.000875
-0.0011875
-0.00115625
-0.0010625
-0.00146875
-0.001375
-0.00153125
-0.001625
-0.00165625
-0.00146875
-0.00175
-0.00178125
-0.0018125
-0.00184375
-0.00203125
-0.00209375
-0.00240625
-0.00215625
-0.002375
-0.00228125
-0.002
-0.002125
-0.00234375
-0.0020625
-0.002125
-0.00215625
-0.0019375
-0.001875
-0.00196875
-0.001875
-0.00178125
-0.00175
-0.00175
-0.001875
-0.001625
-0.00165625
-0.0013125
-0.0014375
-0.00134375
-0.00140625
-0.00140625
-0.001125
-0.00109375
-0.00125
-0.0011875
-0.00103125
-0.00096875
-0.00103125
-0.000875
-0.00103125
-0.000625
-0.00075
-0.00065625
-0.00059375
-0.00059375
-0.00046875
-0.00040625
-0.00040625
-6.25e-05
-0.000125
-3.125e-05
6.25e-05
6.25e-05
0.00040625
0.00025
0.0006875
0.00075
0.00096875
0.00103125
0.0014375
0.00125
0.0014375
0.0015625
0.00134375
0.00184375
0.0020625
0.00209375
0.00234375
0.0025
0.00275
0.0028125
0.00290625
0.00321875
0.00315625
0.00334375
0.00334375
0.00359375
0.003875
0.004
0.00415625
0.004625
0.00465625
0.00484375
0.004875
0.00525
0.005125
0.0055625
0.00565625
0.00575
0.006
0.006
0.00628125
0.00659375
0.00675
0.00678125
0.00715625
0.007125
0.00746875
0.007625
0.0079375
0.00796875
0.00825
0.00821875
0.00846875
0.008625
0.009
0.00909375
0.009375
0.00921875
0.00975
0.0100625
0.0101562
0.010375
0.0106875
0.0109063
0.0110937
0.011125
0.0113438
0.0117813
0.0118438
0.0121562
0.01225
0.0124687
0.0126875
0.0127188
0.0127813
0.0130312
0.0130937
0.0132188
0.0132813
0.013375
0.0135625
0.0136563
0.01375
0.014
0.0139687
0.0140625
0.0143437
0.0142812
0.0144375
0.0145625
0.0145313
0.0148437
0.0149062
0.015
0.0149062
0.01525
0.0152187
0.0153125
0.01525
0.0154375
0.0155938
0.0155625
0.0155313
0.0155938
0.0155313
0.0156562
0.0157188
0.0156562
0.0158125
0.0156562
0.0156562
0.0158438
0.0158438
0.0155625
0.0156875
0.0154375
0.0153437
0.01525
0.015125
0.014875
0.0149062
0.01475
0.0146875
0.0144375
0.014375
0.0143125
0.0141875
0.0139375
0.0138437
0.0136563
0.0132813
0.01325
0.0129062
0.0128125
0.0125
0.0124063
0.0119375
0.0120312
0.0117813
0.0115937
0.0111875
0.0109063
0.0104063
0.0104375
0.0103125
0.0099375
0.00971875
0.00946875
0.0093125
0.00903125
0.008875
0.00846875
0.00828125
0.00825
0.00796875
0.00753125
0.0075625
0.007125
0.00703125
0.00665625
0.0065625
0.00640625
0.00621875
0.0061875
0.006
0.0056875
0.00565625
0.005625
0.00490625
0.00484375
0.0046875
0.0044375
0.00434375
0.00434375
0.00409375
0.004
0.00375
0.0036875
0.003625
0.00375
0.00334375
0.003
0.0033125
0.003125
0.00303125
0.00278125
0.00259375
0.00275
0.00259375
0.002375
0.002375
0.00234375
0.00240625
0.00203125
0.00225
0.0020625
0.002125
0.00184375
0.00203125
0.00196875
0.00184375
0.00184375
0.00178125
0.00159375
0.00171875
0.00175
0.0019375
0.0015625
0.00178125
0.00175
0.0018125
0.0018125
0.00171875
0.00171875
0.002
0.00203125
0.0019375
0.00196875
0.00190625
0.002
0.00184375
0.002125
0.002
0.0019375
0.002
0.00196875
0.0020625
0.00221875
0.00221875
0.00228125
0.0021875
0.0023125
0.00234375
0.002375
0.00228125
0.00265625
0.00240625
0.00265625
0.00275
0.00284375
0.00303125
0.0029375
0.00296875
0.00334375
0.00346875
0.00340625
0.00353125
0.00375
0.003875
0.00390625
0.00415625
0.0040625
0.004
0.0040625
0.00421875
0.00415625
0.0044375
0.0045625
0.0045625
0.00475
0.00490625
0.005125
0.00521875
0.00521875
0.005125
0.0055
0.0054375
0.00575
0.00565625
0.00590625
0.00615625
0.00609375
0.006375
0.00646875
0.006375
0.00671875
0.00675
0.00709375
0.0070625
0.0071875
0.00725
0.0075625
0.0075
0.00790625
0.007875
0.00815625
0.0081875
0.00834375
0.0083125
0.00865625
0.0085
0.0088125
0.00921875
0.00925
0.00925
0.00903125
0.009375
0.009375
0.009625
0.00965625
0.010125
0.010125
0.0102187
0.0104375
0.0105625
0.0110312
0.0109375
0.011125
0.011375
0.0116562
0.0115937
0.0119375
0.0123438
0.0125937
0.0127813
0.0131563
0.0130312
0.01325
0.013625
0.0137813
0.0139687
0.0140313
0.0144062
0.0145625
0.01475
0.0149688
0.0151563
0.0154063
0.015375
0.0158125
0.0159375
0.0162813
0.016375
0.0166562
0.0169375
0.0171875
0.0172187
0.0176562
0.0176562
0.0179375
0.0180313
0.018
0.0182812
0.0184062
0.0184062
0.018625
0.01875
0.0186875
0.0192188
0.019125
0.019125
0.019125
0.0194688
0.0193125
0.019375
0.0193125
0.0194375
0.019625
0.0195625
0.0192188
0.019375
0.0190938
0.0191875
0.0190625
0.019125
0.019125
0.0190625
0.0187813
0.0189063
0.0189375
0.0186563
0.0188125
0.0183125
0.0180313
0.0179375
0.0177187
0.0174688
0.0174375
0.0171875
0.0170937
0.0166562
0.0164062
0.0161875
0.016125
0.0156875
0.0155
0.0149688
0.015
0.0144062
0.0141875
0.0137813
0.0136563
0.0131563
0.0130312
0.0125937
0.0123438
0.0119687
0.0118125
0.0112813
0.0109063
0.01075
0.0102187
0.00996875
0.00965625
0.00925
0.00884375
0.00878125
0.0083125
0.0080625
0.00775
0.00753125
0.00709375
0.0068125
0.00646875
0.00628125
0.00565625
0.0055625
0.00525
0.00509375
0.004875
0.00440625
0.0043125
0.00396875
0.004
0.0038125
0.00359375
0.003375
0.00328125
0.00278125
0.002875
0.00259375
0.002625
0.002375
0.00234375
0.00225
0.00209375
0.00196875
0.0020625
0.0018125
0.0020625
0.00209375
0.00203125
0.00184375
0.0016875
0.00184375
0.00178125
0.00190625
0.00159375
0.00171875
0.00140625
0.00171875
0.00153125
0.00134375
0.001125
0.00140625
0.00109375
0.00128125
0.00103125
0.001
0.001
0.0009375
0.00096875
0.00075
0.000625
0.00078125
0.00065625
0.00078125
0.00075
0.00034375
0.000625
0.0008125
0.00059375
0.00046875
0.00065625
0.00065625
0.0006875
0.00071875
0.00059375
0.0006875
0.00075
0.00075
0.0008125
0.000875
0.00090625
0.00096875
0.00103125
0.00103125
0.0011875
0.001
0.0013125
0.00128125
0.0015
0.0016875
0.0016875
0.00178125
0.00175
0.00184375
0.00190625
0.00240625
0.002375
0.00221875
0.00246875
0.00259375
0.002625
0.00296875
0.002875
0.002875
0.003
0.00340625
0.003375
0.003625
0.003625
0.00403125
0.003875
0.00396875
0.00409375
0.00421875
0.004625
0.0045625
0.00484375
0.00484375
0.0050625
0.005375
0.0055625
0.00559375
0.005625
0.00584375
0.00621875
0.006375
0.00665625
0.0066875
0.007125
0.00709375
0.00746875
0.007625
0.0076875
0.00809375
0.00840625
0.00865625
0.00875
0.00903125
0.0091875
0.00940625
0.009875
0.010125
0.0104375
0.0107812
0.010875
0.011125
0.0115
0.0117188
0.012
0.0123438
0.0125937
0.0129687
0.0130937
0.01325
0.0138125
0.0140625
0.0144687
0.014875
0.0149375
0.0154063
0.0158125
0.0159687
0.0164375
0.0165938
0.0169375
0.0173438
0.0177813
0.0180313
0.0184375
0.0187813
0.019
0.0191562
0.0196563
0.0197813
0.0200312
0.0201875
0.0204062
0.0204687
0.0209375
0.0210625
0.0212188
0.0214063
0.0215625
0.0217813
0.0218438
0.0217187
0.0216875
0.021875
0.0218438
0.022
0.0219688
0.0216875
0.0215625
0.0215313
0.0214063
0.0213125
0.0212188
0.0209375
0.0208437
0.0206875
0.0205937
0.0204062
0.0200625
0.0199063
0.019625
0.0194688
0.0190938
0.0188437
0.0187813
0.0184688
0.0180937
0.0179687
0.0175938
0.0173125
0.0169063
0.0166875
0.0162813
0.0159375
0.0153437
0.015125
0.0150313
0.0145
0.0141875
0.0139062
0.0135625
0.01325
0.0129375
0.0125625
0.0120937
0.0116562
0.0115312
0.0112813
0.0108125
0.0105313
0.01
0.00965625
0.00940625
0.00890625
0.00865625
0.0085
0.00803125
0.00803125
0.00771875
0.0075
0.00725
0.00725
0.0070625
0.00659375
0.0061875
0.00646875
0.00609375
0.00578125
0.00559375
0.00521875
0.00478125
0.0048125
0.0045
0.0044375
0.00396875
0.00378125
0.00359375
0.0033125
0.00328125
0.0029375
0.002875
0.00259375
0.00246875
0.002125
0.00203125
0.0019375
0.002
0.0018125
0.0015625
0.001375
0.001375
0.0011875
0.00096875
0.0009375
0.00090625
0.00075
0.00071875
0.000625
0.000625
0.0006875
0.00078125
0.0006875
0.000625
0.0005625
0.00028125
0.00065625
0.0006875
0.0005
0.00046875
0.0004375
0.0003125
0.00059375
0.00046875
0.00059375
0.000625
0.0008125
0.00046875
0.00040625
0.00034375
0.00071875
0.00065625
0.000625
0.00075
0.00103125
0.0009375
0.00084375
0.00096875
0.001125
0.0010625
0.0011875
0.0013125
0.00128125
0.00153125
0.00146875
0.0015625
0.0014375
0.0018125
0.0019375
0.002
0.0021875
0.00246875
0.00221875
0.0026875
0.00259375
0.002875
0.003125
0.0030625
0.0031875
0.0035625
0.0035
0.00365625
0.00390625
0.00384375
0.0043125
0.0045
0.00465625
0.0045625
0.0049375
0.0050625
0.00540625
0.0054375
0.00571875
0.00584375
0.0060625
0.00603125
0.00640625
0.0065625
0.00665625
0.006875
0.00703125
0.00725
0.00771875
0.00796875
0.00796875
0.00821875
0.00840625
0.0088125
0.00890625
0.0094375
0.00940625
0.00965625
0.0100625
0.0104375
0.0106562
0.0109375
0.011125
0.0114375
0.01175
0.0121562
0.0124063
0.0127813
0.01325
0.0137188
0.0140938
0.0140938
0.014625
0.0151563
0.0151875
0.0155625
0.015875
0.0164062
0.0164062
0.0169063
0.0171875
0.017625
0.01775
0.0180625
0.0185625
0.0186875
0.0194062
0.0193438
0.01975
0.0197187
0.0200938
0.0203125
0.0205937
0.0207187
0.0209375
0.0209375
0.02125
0.0214375
0.0217187
0.0216875
0.0216875
0.0216875
0.0217813
0.0217187
0.021625
0.0217813
0.0218438
0.0217813
0.02175
0.0217813
0.0213125
0.021625
0.0215313
0.0214687
0.0210938
0.0211875
0.0207813
0.0205625
0.0203125
0.02
0.0198125
0.0192188
0.0190938
0.0186875
0.0182812
0.017875
0.017625
0.0172812
0.0170625
0.01675
0.0165312
0.015875
0.016
0.0154375
0.015125
0.0149062
0.0144062
0.0141563
0.013875
0.0135938
0.0133125
0.0128438
0.0124687
0.0120937
0.0119687
0.0116875
0.0113125
0.010875
0.010625
0.0101875
0.0096875
0.00965625
0.00928125
0.009125
0.0085625
0.00840625
0.0080625
0.00778125
0.007375
0.00721875
0.00684375
0.00678125
0.00628125
0.0063125
0.00609375
0.00571875
0.0054375
0.0050625
0.00490625
0.004625
0.00440625
0.0043125
0.0041875
0.0040625
0.0036875
0.0035
0.00353125
0.00321875
0.00303125
0.002875
0.0029375
0.002875
0.002625
0.00278125
0.00278125
0.00275
0.00259375
0.00259375
0.00278125
0.00278125
0.002875
0.00259375
0.002625
0.002625
0.00271875
0.0028125
0.00275
0.00265625
0.0028125
0.00275
0.0028125
0.00265625
0.0025
0.00259375
0.00234375
0.00253125
0.00275
0.00278125
0.00246875
0.0030625
0.00275
0.00278125
0.002875
0.002875
0.00275
0.00278125
0.00290625
0.002875
0.0028125
0.0031875
0.00303125
0.00315625
0.00315625
0.003125
0.003125
0.0033125
0.00346875
0.00346875
0.0034375
0.00346875
0.0035625
0.0034375
0.003625
0.00371875
0.00384375
0.0036875
0.00384375
0.00375
0.0040625
0.00403125
0.0041875
0.003875
0.00415625
0.0041875
0.0041875
0.00446875
0.00440625
0.0046875
0.0046875
0.0049375
0.00471875
0.00521875
0.00509375
0.00509375
0.0053125
0.0053125
0.0055
0.00578125
0.00565625
0.00615625
0.0064375
0.00659375
0.00675
0.006875
0.0069375
0.0071875
0.00725
0.0075625
0.0078125
0.00784375
0.00803125
0.00821875
0.00825
0.00853125
0.00896875
0.0090625
0.009375
0.00946875
0.00971875
0.009875
0.0101562
0.0102812
0.0104375
0.0104063
0.0109063
0.0109688
0.0109688
0.0113125
0.0118438
0.01175
0.0120312
0.0122813
0.0125312
0.0126875
0.0129687
0.013125
0.0134062
0.013625
0.0139375
0.0143125
0.0143125
0.0145625
0.0149688
0.0152812
0.0152812
0.015875
0.0159375
0.0163125
0.0165625
0.0169375
0.0171563
0.0174688
0.017875
0.0179375
0.0180313
0.01825
0.018625
0.0186563
0.019
0.0192812
0.0196875
0.0196563
0.019875
0.0200312
0.02
0.0201875
0.0204375
0.0203438
0.0205625
0.0209688
0.0210312
0.0210625
0.021125
0.0213125
0.0214063
0.0214375
0.0217813
0.0215313
0.02175
0.0214687
0.0218438
0.0216563
0.0215625
0.0215
0.0214063
0.0213125
0.0215625
0.0213125
0.0212812
0.0212188
0.0208437
0.021
0.02075
0.0206563
0.0204062
0.02025
0.0199375
0.019875
0.0194688
0.0192812
0.0192188
0.019
0.0186875
0.0184375
0.01825
0.018
0.0175312
0.0173438
0.0170625
0.0167188
0.0166562
0.0164375
0.015875
0.0156875
0.0154375
0.0149688
0.0146875
0.0144062
0.0139687
0.013625
0.01325
0.0130625
0.012875
0.0124375
0.0122188
0.0115
0.0116875
0.0112813
0.0110937
0.01075
0.0106875
0.0103125
0.0099375
0.00990625
0.0093125
0.00915625
0.00909375
0.00878125
0.00846875
0.008125
0.00784375
0.00759375
0.00734375
0.00728125
0.00696875
0.00678125
0.00659375
0.00625
0.0061875
0.00603125
0.0056875
0.00575
0.00534375
0.00540625
0.00503125
0.00484375
0.004875
0.0046875
0.0046875
0.004375
0.0044375
0.0044375
0.0040625
0.00378125
0.00378125
0.00375
0.00371875
0.0033125
0.003625
0.0033125
0.0034375
0.00315625
0.003
0.0029375
0.0029375
0.0026875
0.0030625
0.00271875
0.0028125
0.00246875
0.00265625
0.0025
0.00259375
0.00240625
0.00221875
0.00253125
0.002375
0.0024375
0.002375
0.00259375
0.00246875
0.0023125
0.00225
0.00228125
0.00246875
0.00234375
0.00246875
0.0024375
0.0024375
0.00271875
0.002375
0.00278125
0.0026875
0.002875
0.00290625
0.00290625
0.002875
0.00321875
0.003
0.00290625
0.0031875
0.00334375
0.003
0.00328125
0.0034375
0.0036875
0.0036875
0.00365625
0.00353125
0.0038125
0.00390625
0.00384375
0.00390625
0.00403125
0.00425
0.00440625
0.0044375
0.00453125
0.00484375
0.00475
0.0049375
0.0050625
0.005125
0.00553125
0.00553125
0.005875
0.00609375
0.00609375
0.00625
0.006375
0.00640625
0.00653125
0.00665625
0.00684375
0.00684375
0.007
0.00709375
0.007125
0.00725
0.007375
0.00746875
0.00775
0.00771875
0.00796875
0.00828125
0.00828125
0.0085625
0.0085625
0.00884375
0.00909375
0.00928125
0.009625
0.00975
0.0096875
0.01
0.0100625
0.0105625
0.0107812
0.0109375
0.0110937
0.0111562
0.0113438
0.0118438
0.0121562
0.0122188
0.0125
0.0130937
0.0132813
0.01375
0.0137188
0.0138437
0.0143125
0.01425
0.0145938
0.0147187
0.0150938
0.0154063
0.01575
0.0158438
0.0162813
0.0161875
0.0167813
0.0167813
0.0170313
0.0174062
0.01775
0.0176875
0.0180313
0.0182188
0.0185625
0.0188437
0.0191875
0.0192188
0.0195625
0.0195937
0.0198125
0.02
0.0201875
0.02025
0.0205313
0.0206563
0.0206875
0.0211562
0.0215313
0.0214687
0.0217187
0.0219062
0.022125
0.022375
0.0223437
0.0225313
0.0225625
0.0226875
0.0225
0.0225625
0.0225937
0.022625
0.0224375
0.0225313
0.0223437
0.0222812
0.0225
0.0222812
0.0218438
0.0219375
0.0218438
0.0216563
0.02175
0.021375
0.0214063
0.0211562
0.0210938
0.0207813
0.0206875
0.0204062
0.02
0.0200625
0.0196563
0.0195625
0.0192812
0.0190938
0.01875
0.0184375
0.0183438
0.0180937
0.0175312
0.0171563
0.0169375
0.016625
0.0163438
0.0160625
0.0158438
0.01575
0.0153125
0.0150625
0.01475
0.0144062
0.0142188
0.0137813
0.013625
0.0131563
0.0126875
0.01225
0.0119687
0.0114375
0.0113125
0.0109063
0.0106562
0.0102812
0.00990625
0.00940625
0.00909375
0.00884375
0.00871875
0.0079375
0.00778125
0.00734375
0.00721875
0.00675
0.00646875
0.00609375
0.00584375
0.0055
0.0054375
0.00509375
0.0049375
0.004875
0.0044375
0.004125
0.0040625
0.00375
0.0036875
0.00353125
0.00309375
0.0031875
0.00278125
0.00275
0.00265625
0.0023125
0.00209375
0.0020625
0.00178125
0.00175
0.0015
0.00159375
0.0011875
0.00134375
0.00115625
0.0010625
0.001
0.0011875
0.000875
0.00096875
0.00090625
0.00084375
0.0004375
0.00075
0.0008125
0.00046875
0.0005
0.000375
0.0005625
0.00040625
0.00021875
0.00021875
0.00046875
0.00025
0.000375
0.00025
0.000125
0.0003125
0.00046875
0.00040625
0.0005625
0.0005
0.00065625
0.00065625
0.00090625
0.001
0.001
0.0009375
0.001125
0.00103125
0.0013125
0.00140625
0.0014375
0.0016875
0.00175
0.00178125
0.0020625
0.00196875
0.002
0.00209375
0.00203125
0.00215625
0.00215625
0.0024375
0.0024375
0.00278125
0.002625
0.00275
0.003
0.0030625
0.003375
0.0034375
0.0035625
0.00359375
0.00390625
0.004
0.0043125
0.00446875
0.00446875
0.0043125
0.0046875
0.00484375
0.00496875
0.00525
0.005375
0.00525
0.005625
0.0056875
0.00590625
0.00621875
0.006375
0.00640625
0.00653125
0.00659375
0.00684375
0.00696875
0.00715625
0.00746875
0.0076875
0.00803125
0.0079375
0.00796875
0.00821875
0.00859375
0.00875
0.009
0.00909375
0.00953125
0.00971875
0.0100625
0.0100938
0.0106562
0.0108125
0.0110312
0.0111875
0.0115
0.0115937
0.01225
0.0119375
0.0124375
0.0126563
0.0127813
0.01325
0.0135
0.0138125
0.0139062
0.0141875
0.014375
0.0149062
0.0152812
0.015375
0.015625
0.016
0.0160313
0.0162187
0.0166875
0.017125
0.0171563
0.017375
0.0175625
0.0180313
0.0181562
0.018375
0.0183438
0.0184375
0.0187813
0.0188125
0.0191562
0.019375
0.01925
0.0196563
0.0199687
0.0199375
0.0204687
0.0203125
0.0205937
0.0206563
0.020625
0.0209688
0.020875
0.021
0.0211562
0.0209688
0.0211875
0.020875
0.0211562
0.0212188
0.021375
0.0215
0.0214063
0.0214687
0.021625
0.0215313
0.0214375
0.0214687
0.0213438
0.0212188
0.0213438
0.021125
0.0209688
0.021125
0.02075
0.0207187
0.0204375
0.0205
0.020125
0.0200625
0.020125
0.0199687
0.0196875
0.0194688
0.0191875
0.0190625
0.0190313
0.0185312
0.0184688
0.0183438
0.0183125
0.0180625
0.0177187
0.0174062
0.0173125
0.0170937
0.01675
0.0163438
0.016
0.0157188
0.0154375
0.0150938
0.015
0.014625
0.0144687
0.01425
0.0138437
0.0135938
0.0135
0.0130625
0.0126563
0.0125
0.0121562
0.0122188
0.0116875
0.0115
0.0111562
0.0111562
0.0106875
0.010625
0.0104375
0.010125
0.0099375
0.0098125
0.009375
0.0093125
0.0091875
0.00875
0.0085625
0.0085625
0.00828125
0.00803125
0.00775
0.007625
0.00759375
0.00728125
0.0070625
0.0069375
0.00690625
0.00671875
0.00665625
0.0065
0.0064375
0.00634375
0.00625
0.006
0.00575
0.006
0.0058125
0.00559375
0.00559375
0.0055
0.0055
0.005375
0.00525
0.0049375
0.0049375
0.00484375
0.0049375
0.00490625
0.00465625
0.0048125
0.00471875
0.0045625
0.0044375
0.00440625
0.004375
0.00440625
0.00428125
0.0044375
0.00415625
0.004125
0.00390625
0.00415625
0.0040625
0.00428125
0.00409375
0.0041875
0.0040625
0.00428125
0.00415625
0.0043125
0.004125
0.0040625
0.0040625
0.004125
0.00403125
0.0040625
0.004
0.0038125
0.004
0.003875
0.003875
0.00415625
0.00409375
0.0041875
0.00415625
0.0043125
0.0041875
0.00403125
0.0043125
0.0043125
0.0043125
0.00415625
0.00434375
0.0045625
0.00465625
0.00478125
0.00490625
0.00484375
0.0050625
0.00509375
0.00534375
0.005625
0.0054375
0.00571875
0.005875
0.0061875
0.00609375
0.00634375
0.0065
0.0064375
0.00671875
0.00678125
0.00665625
0.00703125
0.0069375
0.007125
0.00721875
0.00765625
0.00753125
0.00759375
0.0079375
0.0080625
0.00834375
0.0085625
0.00846875
0.0088125
0.00915625
0.0093125
0.00946875
0.009625
0.00971875
0.0100938
0.0104688
0.0105625
0.0107812
0.0109063
0.0113125
0.0114375
0.0117188
0.0120937
0.0123125
0.012375
0.0125312
0.0130312
0.01325
0.0132188
0.0136563
0.014
0.0144062
0.0144062
0.014875
0.0150313
0.0153125
0.0156562
0.0156875
0.0161875
0.01625
0.0165625
0.016625
0.0171875
0.0172812
0.0178437
0.0177187
0.0180625
0.0182188
0.0185938
0.019
0.019375
0.0194062
0.01975
0.0199687
0.0204062
0.0205625
0.0205625
0.021
0.0210938
0.0215
0.0213125
0.0215625
0.0217813
0.0219375
0.0219375
0.0223437
0.0222812
0.0227812
0.0226563
0.0229688
0.023125
0.0234063
0.0235313
0.0235625
0.0236563
0.0237188
0.0237188
0.0235625
0.0235937
0.0235
0.0235
0.0234375
0.0234375
0.0233125
0.0230938
0.0231562
0.0231562
0.0229062
0.022875
0.0227187
0.0228125
0.022375
0.0225625
0.0219688
0.0219062
0.02175
0.0219688
0.0216563
0.0214063
0.0210938
0.0211875
0.020875
0.020625
0.0205625
0.0204687
0.0199687
0.0198437
0.0197187
0.0193438
0.0191562
0.018625
0.0185312
0.018375
0.0179063
0.0172812
0.0172187
0.0169375
0.016625
0.0166875
0.0163438
0.015875
0.0156562
0.015125
0.0150313
0.0148125
0.0144687
0.0140313
0.0138125
0.013375
0.0131563
0.012875
0.0127188
0.0125
0.0121875
0.012
0.012
0.01175
0.0115312
0.0109688
0.0107812
0.0106562
0.01025
0.0100625
0.0096875
0.0095
0.00921875
0.00890625
0.0088125
0.008625
0.00828125
0.00821875
0.00809375
0.007875
0.00778125
0.00765625
0.00740625
0.00728125
0.0074375
0.00696875
0.0069375
0.0068125
0.00659375
0.0064375
0.00609375
0.00615625
0.006
0.00565625
0.0056875
0.0055625
0.00553125
0.00559375
0.00540625
0.00525
0.005375
0.0051875
0.00525
0.00509375
0.00509375
0.00509375
0.0049375
0.005
0.00478125
0.0049375
0.00478125
0.004875
0.00496875
0.00484375
0.004875
0.00475
0.00484375
0.00478125
0.004625
0.00496875
0.00475
0.00503125
0.00496875
0.00509375
0.0049375
0.0050625
0.0051875
0.0050625
0.00509375
0.0050625
0.005125
0.0051875
0.005375
0.00509375
0.00509375
0.00515625
0.00521875
0.00525
0.005625
0.0054375
0.0055
0.0053125
0.00553125
0.005625
0.00553125
0.00565625
0.0060625
0.0059375
0.00615625
0.0061875
0.00609375
0.0059375
0.006375
0.0064375
0.00659375
0.00678125
0.0065625
0.0068125
0.00684375
0.00678125
0.00696875
0.0070625
0.00696875
0.00725
0.00703125
0.0075625
0.00734375
0.00734375
0.007625
0.0074375
0.0075
0.00753125
0.0075
0.007875
0.0079375
0.00784375
0.0079375
0.00809375
0.0081875
0.00828125
0.0085625
0.00865625
0.00896875
0.00865625
0.00909375
0.00928125
0.00953125
0.00953125
0.00990625
0.0101875
0.010375
0.0103125
0.0108125
0.0109688
0.0113438
0.0113438
0.0117813
0.0117813
0.0121562
0.0122813
0.0125625
0.0126563
0.0130312
0.0132188
0.0135312
0.0135625
0.01375
0.01425
0.0143437
0.0145938
0.0145938
0.014875
0.0150625
0.0155938
0.015625
0.0157812
0.0160937
0.016125
0.0164062
0.016625
0.0167188
0.0167188
0.017
0.01725
0.0173125
0.01775
0.01775
0.0178437
0.0180625
0.0180625
0.0184062
0.0185
0.0186563
0.0184062
0.0185625
0.0185625
0.0187813
0.0186875
0.0189063
0.0187813
0.019
0.0189063
0.0192188
0.0190625
0.0187187
0.0188437
0.0191562
0.0189687
0.0189063
0.0188125
0.01875
0.0187813
0.01875
0.0185
0.0185312
0.0183125
0.01825
0.0180937
0.01775
0.0178437
0.017625
0.0174375
0.0172187
0.0171875
0.0169063
0.0169063
0.0165312
0.0164375
0.01625
0.0160313
0.0156875
0.0157188
0.0154063
0.0151875
0.0150313
0.0148437
0.0148125
0.0146875
0.0144375
0.01425
0.0139687
0.01375
0.0136875
0.0133437
0.0134062
0.0129687
0.0129375
0.0125
0.0123125
0.0123438
0.0120312
0.0118438
0.0118125
0.011375
0.0112813
0.0112187
0.0110312
0.010875
0.010875
0.0106875
0.0105
0.0103438
0.01
0.009875
0.00971875
0.0096875
0.00965625
0.0093125
0.0091875
0.00884375
0.00871875
0.008625
0.00828125
0.00825
0.007875
0.008125
0.0078125
0.00784375
0.007625
0.00759375
0.0075
0.00746875
0.00734375
0.00696875
0.00690625
0.00703125
0.0068125
0.00690625
0.00690625
0.0068125
0.00665625
0.0066875
0.00646875
0.00640625
0.0065625
0.00625
0.00665625
0.006125
0.0061875
0.0060625
0.00625
0.0060625
0.00625
0.0060625
0.0060625
0.0059375
0.0060625
0.005875
0.0060625
0.0060625
0.0061875
0.00615625
0.0063125
0.00628125
0.00609375
0.00621875
0.006125
0.00625
0.0061875
0.00621875
0.00628125
0.0064375
0.0064375
0.0065
0.00653125
0.00659375
0.00653125
0.00659375
0.00659375
0.00659375
0.00665625
0.0068125
0.0066875
0.0068125
0.00675
0.0069375
0.007
0.0071875
0.00715625
0.00728125
0.0075
0.0071875
0.00753125
0.0075
0.0079375
0.007875
0.00815625
0.00809375
0.00828125
0.00828125
0.00834375
0.008375
0.008375
0.00853125
0.00875
0.00853125
0.0085625
0.0085625
0.008875
0.00859375
0.00903125
0.00909375
0.00903125
0.00915625
0.00959375
0.0098125
0.00975
0.0101562
0.010125
0.0103125
0.0104688
0.0103438
0.0106875
0.0109375
0.0110625
0.0111875
0.0115
0.0118125
0.0119063
0.0120937
0.012
0.0124375
0.0126563
0.0127188
0.0128438
0.0129687
0.013125
0.013375
0.0135
0.0134687
0.0139375
0.0138125
0.01425
0.0143125
0.0146563
0.0146875
0.0150625
0.0150938
0.01525
0.0152812
0.0158125
0.0158438
0.0161875
0.0161875
0.0164688
0.0166562
0.0166562
0.0169375
0.0171563
0.01725
0.0172187
0.0174375
0.0178125
0.0176875
0.0177813
0.0179063
0.0180937
0.0184062
0.0184375
0.0186875
0.0185
0.01875
0.01875
0.0186875
0.01875
0.01875
0.0188125
0.0190625
0.0189063
0.019125
0.0191562
0.01925
0.0192812
0.0192812
0.0191562
0.0191875
0.0190313
0.019375
0.0193125
0.019125
0.0192188
0.0190938
0.01925
0.0192188
0.019375
0.019125
0.019375
0.0193125
0.0195625
0.019375
0.0192812
0.0191562
0.0194375
0.0191875
0.0193125
0.0192812
0.0190938
0.0186875
0.019
0.0187813
0.0188125
0.0187187
0.0186875
0.0185625
0.018625
0.0185938
0.0183438
0.0182812
0.01825
0.01825
0.0180313
0.0179375
0.0179375
0.0175938
0.0174375
0.01725
0.0169063
0.0170937
0.016875
0.0171563
0.0168437
0.0166875
0.0165625
0.0165
0.01625
0.0163438
0.0159063
0.0158438
0.0155313
0.0154063
0.015125
0.0149375
0.01475
0.0146563
0.0145625
0.0142812
0.0142812
0.0140313
0.0139687
0.0137188
0.0134062
0.0135312
0.0134687
0.0131875
0.013125
0.013
0.0129687
0.0126875
0.0124375
0.0124063
0.0123438
0.0121875
0.0120937
0.0118125
0.0118125
0.0119687
0.0118438
0.0117188
0.011375
0.0116562
0.0111875
0.0111875
0.011
0.0113125
0.011
0.0110937
0.0109375
0.0110625
0.01075
0.0109375
0.0108438
0.0109063
0.0108125
0.0107812
0.0105937
0.010625
0.0105625
0.0105937
0.0105625
0.010625
0.0106562
0.01075
0.0108125
0.01075
0.0108125
0.0106562
0.0108125
0.0106562
0.0105625
0.0105937
0.0105937
0.010625
0.010375
0.0105
0.0106562
0.0107812
0.0107812
0.0105625
0.0106562
0.0106562
0.0105625
0.0106562
0.010625
0.0108125
0.0106875
0.0108125
0.0109063
0.0108438
0.0108125
0.011125
0.011125
0.0110937
0.0112187
0.0111562
0.0110312
0.0112187
0.011125
0.0112187
0.0113438
0.0115312
0.0115312
0.0115312
0.0115
0.0115937
0.0114688
0.0113438
0.0114375
0.0115
0.011375
0.0112813
0.01125
0.0114375
0.0115312
0.011625
0.0115937
0.0114688
0.0117813
0.0116875
0.0116875
